0.5773502588272095 0.5773502588272095 0.5773502588272095
0.5773502588272095 0.5773502588272095 -0.5773502588272095
0.5773502588272095 -0.5773502588272095 0.5773502588272095
0.5773502588272095 -0.5773502588272095 -0.5773502588272095
-0.5773502588272095 0.5773502588272095 0.5773502588272095
-0.5773502588272095 0.5773502588272095 -0.5773502588272095
-0.5773502588272095 -0.5773502588272095 0.5773502588272095
-0.5773502588272095 -0.5773502588272095 -0.5773502588272095
0.35682210326194763 0.9341723322868347 0.0
-0.35682210326194763 0.9341723322868347 0.0
0.35682210326194763 -0.9341723322868347 0.0
-0.35682210326194763 -0.9341723322868347 0.0
0.9341723322868347 0.0 0.35682210326194763
0.9341723322868347 0.0 -0.35682210326194763
-0.9341723322868347 0.0 0.35682210326194763
-0.9341723322868347 0.0 -0.35682210326194763
0.0 0.35682210326194763 0.9341723322868347
0.0 -0.35682210326194763 0.9341723322868347
0.0 0.35682210326194763 -0.9341723322868347
0.0 -0.35682210326194763 -0.9341723322868347