1.3199999332427979 0.0 0.0
1.2784678936004639 0.0 0.1550000011920929
1.1649999618530273 0.0 0.26846787333488464
1.0099999904632568 0.0 0.3100000023841858
0.8550000190734863 0.0 0.26846787333488464
0.7415320873260498 0.0 0.1550000011920929
0.699999988079071 0.0 3.7964049783162243e-17
0.7415320873260498 0.0 -0.1550000011920929
0.8549999594688416 0.0 -0.26846787333488464
1.0099999904632568 0.0 -0.3100000023841858
1.1649999618530273 0.0 -0.26846787333488464
1.2784678936004639 0.0 -0.1550000011920929
1.2869048118591309 0.29372772574424744 0.0
1.246414065361023 0.28448599576950073 0.1550000011920929
1.1357909440994263 0.25923699140548706 0.26846787333488464
0.9846771955490112 0.2247462272644043 0.3100000023841858
0.8335633873939514 0.19025547802448273 0.26846787333488464
0.7229403257369995 0.16500647366046906 0.1550000011920929
0.6824495196342468 0.15576471388339996 3.7964049783162243e-17
0.7229403257369995 0.16500647366046906 -0.1550000011920929
0.8335633277893066 0.19025546312332153 -0.26846787333488464
0.9846771955490112 0.2247462272644043 -0.3100000023841858
1.1357909440994263 0.25923699140548706 -0.26846787333488464
1.246414065361023 0.28448599576950073 -0.1550000011920929
1.1892788410186768 0.5727264285087585 0.0
1.1518598794937134 0.5547063946723938 0.1550000011920929
1.049628734588623 0.5054745078086853 0.26846787333488464
0.9099785685539246 0.4382225275039673 0.3100000023841858
0.7703284621238708 0.37097057700157166 0.26846787333488464
0.6680973768234253 0.32173869013786316 0.1550000011920929
0.6306782364845276 0.30371859669685364 3.7964049783162243e-17
0.6680973768234253 0.32173869013786316 -0.1550000011920929
0.7703284025192261 0.37097054719924927 -0.26846787333488464
0.9099785685539246 0.4382225275039673 -0.3100000023841858
1.049628734588623 0.5054745078086853 -0.26846787333488464
1.1518598794937134 0.5547063946723938 -0.1550000011920929
1.032017469406128 0.8230065703392029 0.0
0.9995464086532593 0.7971117496490479 0.1550000011920929
0.9108335971832275 0.7263656854629517 0.26846787333488464
0.7896497249603271 0.6297247409820557 0.3100000023841858
0.6684659123420715 0.5330838561058044 0.26846787333488464
0.5797531008720398 0.4623377323150635 0.1550000011920929
0.5472819805145264 0.43644288182258606 3.7964049783162243e-17
0.5797531008720398 0.4623377323150635 -0.1550000011920929
0.6684658527374268 0.5330837965011597 -0.26846787333488464
0.7896497249603271 0.6297247409820557 -0.3100000023841858
0.9108335971832275 0.7263656854629517 -0.26846787333488464
0.9995464086532593 0.7971117496490479 -0.1550000011920929
0.8230063319206238 1.0320175886154175 0.0
0.7971115112304688 0.9995465278625488 0.1550000011920929
0.7263654470443726 0.9108337163925171 0.26846787333488464
0.6297245621681213 0.7896498441696167 0.3100000023841858
0.5330836772918701 0.6684659719467163 0.26846787333488464
0.4623376131057739 0.5797532200813293 0.1550000011920929
0.4364427626132965 0.5472820997238159 3.7964049783162243e-17
0.4623376131057739 0.5797532200813293 -0.1550000011920929
0.5330836772918701 0.6684659719467163 -0.26846787333488464
0.6297245621681213 0.7896498441696167 -0.3100000023841858
0.7263654470443726 0.9108337163925171 -0.26846787333488464
0.7971115112304688 0.9995465278625488 -0.1550000011920929
0.5727267861366272 1.1892787218093872 0.0
0.5547066926956177 1.1518596410751343 0.1550000011920929
0.5054748058319092 1.049628496170044 0.26846787333488464
0.4382227957248688 0.9099783897399902 0.3100000023841858
0.37097078561782837 0.7703282833099365 0.26846787333488464
0.3217388689517975 0.668097198009491 0.1550000011920929
0.30371877551078796 0.630678117275238 3.7964049783162243e-17
0.3217388689517975 0.668097198009491 -0.1550000011920929
0.37097078561782837 0.7703282237052917 -0.26846787333488464
0.4382227957248688 0.9099783897399902 -0.3100000023841858
0.5054748058319092 1.049628496170044 -0.26846787333488464
0.5547066926956177 1.1518596410751343 -0.1550000011920929
0.293727844953537 1.2869048118591309 0.0
0.2844860851764679 1.246414065361023 0.1550000011920929
0.2592370808124542 1.1357909440994263 0.26846787333488464
0.22474630177021027 0.9846771955490112 0.3100000023841858
0.1902555376291275 0.8335633873939514 0.26846787333488464
0.16500653326511383 0.7229403257369995 0.1550000011920929
0.15576475858688354 0.6824495196342468 3.7964049783162243e-17
0.16500653326511383 0.7229403257369995 -0.1550000011920929
0.1902555227279663 0.8335633277893066 -0.26846787333488464
0.22474630177021027 0.9846771955490112 -0.3100000023841858
0.2592370808124542 1.1357909440994263 -0.26846787333488464
0.2844860851764679 1.246414065361023 -0.1550000011920929
9.965722114202435e-08 1.3199999332427979 0.0
9.652164578710654e-08 1.2784678936004639 0.1550000011920929
8.79550512422611e-08 1.1649999618530273 0.26846787333488464
7.625288134249786e-08 1.0099999904632568 0.3100000023841858
6.455070433730725e-08 0.8550000190734863 0.26846787333488464
5.598411689788918e-08 0.7415320873260498 0.1550000011920929
5.2848530884830325e-08 0.699999988079071 3.7964049783162243e-17
5.598411689788918e-08 0.7415320873260498 -0.1550000011920929
6.455070433730725e-08 0.8549999594688416 -0.26846787333488464
7.625288134249786e-08 1.0099999904632568 -0.3100000023841858
8.79550512422611e-08 1.1649999618530273 -0.26846787333488464
9.652164578710654e-08 1.2784678936004639 -0.1550000011920929
-0.2937276363372803 1.2869048118591309 0.0
-0.2844858765602112 1.246414065361023 0.1550000011920929
-0.2592369019985199 1.1357909440994263 0.26846787333488464
-0.22474615275859833 0.9846771955490112 0.3100000023841858
-0.19025541841983795 0.8335633873939514 0.26846787333488464
-0.16500642895698547 0.7229403257369995 0.1550000011920929
-0.1557646542787552 0.6824495196342468 3.7964049783162243e-17
-0.16500642895698547 0.7229403257369995 -0.1550000011920929
-0.19025540351867676 0.8335633277893066 -0.26846787333488464
-0.22474615275859833 0.9846771955490112 -0.3100000023841858
-0.2592369019985199 1.1357909440994263 -0.26846787333488464
-0.2844858765602112 1.246414065361023 -0.1550000011920929
-0.5727266669273376 1.1892788410186768 0.0
-0.5547065734863281 1.1518597602844238 0.1550000011920929
-0.5054746866226196 1.049628734588623 0.26846787333488464
-0.4382226765155792 0.9099785089492798 0.3100000023841858
-0.3709706962108612 0.7703284025192261 0.26846787333488464
-0.3217387795448303 0.6680973172187805 0.1550000011920929
-0.3037186861038208 0.6306781768798828 3.7964049783162243e-17
-0.3217387795448303 0.6680973172187805 -0.1550000011920929
-0.3709706664085388 0.7703283429145813 -0.26846787333488464
-0.4382226765155792 0.9099785089492798 -0.3100000023841858
-0.5054746866226196 1.049628734588623 -0.26846787333488464
-0.5547065734863281 1.1518597602844238 -0.1550000011920929
-0.8230067491531372 1.0320173501968384 0.0
-0.7971119284629822 0.9995463490486145 0.1550000011920929
-0.7263658046722412 0.9108335375785828 0.26846787333488464
-0.6297248601913452 0.7896496653556824 0.3100000023841858
-0.5330839157104492 0.6684658527374268 0.26846787333488464
-0.46233782172203064 0.579753041267395 0.1550000011920929
-0.4364429712295532 0.5472819805145264 3.7964049783162243e-17
-0.46233782172203064 0.579753041267395 -0.1550000011920929
-0.5330839157104492 0.668465793132782 -0.26846787333488464
-0.6297248601913452 0.7896496653556824 -0.3100000023841858
-0.7263658046722412 0.9108335375785828 -0.26846787333488464
-0.7971119284629822 0.9995463490486145 -0.1550000011920929
-1.0320178270339966 0.8230061531066895 0.0
-0.9995467066764832 0.7971113920211792 0.1550000011920929
-0.9108338952064514 0.726365327835083 0.26846787333488464
-0.7896499633789062 0.6297244429588318 0.3100000023841858
-0.6684660911560059 0.5330835580825806 0.26846787333488464
-0.5797532796859741 0.46233752369880676 0.1550000011920929
-0.5472821593284607 0.43644267320632935 3.7964049783162243e-17
-0.5797532796859741 0.46233752369880676 -0.1550000011920929
-0.6684660315513611 0.5330835580825806 -0.26846787333488464
-0.7896499633789062 0.6297244429588318 -0.3100000023841858
-0.9108338952064514 0.726365327835083 -0.26846787333488464
-0.9995467066764832 0.7971113920211792 -0.1550000011920929
-1.1892788410186768 0.5727266073226929 0.0
-1.1518597602844238 0.5547065138816833 0.1550000011920929
-1.049628734588623 0.5054746270179749 0.26846787333488464
-0.9099785089492798 0.43822264671325684 0.3100000023841858
-0.7703284025192261 0.3709706664085388 0.26846787333488464
-0.6680973172187805 0.3217387795448303 0.1550000011920929
-0.6306781768798828 0.3037186563014984 3.7964049783162243e-17
-0.6680973172187805 0.3217387795448303 -0.1550000011920929
-0.7703283429145813 0.37097063660621643 -0.26846787333488464
-0.9099785089492798 0.43822264671325684 -0.3100000023841858
-1.049628734588623 0.5054746270179749 -0.26846787333488464
-1.1518597602844238 0.5547065138816833 -0.1550000011920929
-1.2869048118591309 0.2937276065349579 0.0
-1.246414065361023 0.2844858765602112 0.1550000011920929
-1.1357909440994263 0.2592368721961975 0.26846787333488464
-0.9846771955490112 0.22474613785743713 0.3100000023841858
-0.8335633873939514 0.19025540351867676 0.26846787333488464
-0.7229403257369995 0.16500641405582428 0.1550000011920929
-0.6824495196342468 0.1557646542787552 3.7964049783162243e-17
-0.7229403257369995 0.16500641405582428 -0.1550000011920929
-0.8335633277893066 0.19025538861751556 -0.26846787333488464
-0.9846771955490112 0.22474613785743713 -0.3100000023841858
-1.1357909440994263 0.2592368721961975 -0.26846787333488464
-1.246414065361023 0.2844858765602112 -0.1550000011920929
-1.3199999332427979 1.1539805910842915e-07 0.0
-1.2784678936004639 1.1176721415040447e-07 0.1550000011920929
-1.1649999618530273 1.0184753307385108e-07 0.26846787333488464
-1.0099999904632568 8.829700703927301e-08 0.3100000023841858
-0.8550000190734863 7.474647389926758e-08 0.26846787333488464
-0.7415320873260498 6.48267928227142e-08 0.1550000011920929
-0.699999988079071 6.119594075926216e-08 3.7964049783162243e-17
-0.7415320873260498 6.48267928227142e-08 -0.1550000011920929
-0.8549999594688416 7.474647389926758e-08 -0.26846787333488464
-1.0099999904632568 8.829700703927301e-08 -0.3100000023841858
-1.1649999618530273 1.0184753307385108e-07 -0.26846787333488464
-1.2784678936004639 1.1176721415040447e-07 -0.1550000011920929
-1.2869049310684204 -0.29372701048851013 0.0
-1.2464141845703125 -0.2844852805137634 0.1550000011920929
-1.1357910633087158 -0.25923633575439453 0.26846787333488464
-0.9846773147583008 -0.22474567592144012 0.3100000023841858
-0.833563506603241 -0.19025500118732452 0.26846787333488464
-0.7229403853416443 -0.16500607132911682 0.1550000011920929
-0.6824495792388916 -0.15576432645320892 3.7964049783162243e-17
-0.7229403853416443 -0.16500607132911682 -0.1550000011920929
-0.8335634469985962 -0.19025498628616333 -0.26846787333488464
-0.9846773147583008 -0.22474567592144012 -0.3100000023841858
-1.1357910633087158 -0.25923633575439453 -0.26846787333488464
-1.2464141845703125 -0.2844852805137634 -0.1550000011920929
-1.1892790794372559 -0.5727260708808899 0.0
-1.151859998703003 -0.5547059774398804 0.1550000011920929
-1.0496288537979126 -0.5054741501808167 0.26846787333488464
-0.9099786877632141 -0.4382222294807434 0.3100000023841858
-0.7703285217285156 -0.37097030878067017 0.26846787333488464
-0.6680974364280701 -0.32173845171928406 0.1550000011920929
-0.6306782960891724 -0.3037183880805969 3.7964049783162243e-17
-0.6680974364280701 -0.32173845171928406 -0.1550000011920929
-0.7703284621238708 -0.3709702789783478 -0.26846787333488464
-0.9099786877632141 -0.4382222294807434 -0.3100000023841858
-1.0496288537979126 -0.5054741501808167 -0.26846787333488464
-1.151859998703003 -0.5547059774398804 -0.1550000011920929
-1.0320178270339966 -0.8230061531066895 0.0
-0.9995467066764832 -0.7971113920211792 0.1550000011920929
-0.9108338952064514 -0.726365327835083 0.26846787333488464
-0.7896499633789062 -0.6297244429588318 0.3100000023841858
-0.6684660911560059 -0.5330835580825806 0.26846787333488464
-0.5797532796859741 -0.46233752369880676 0.1550000011920929
-0.5472821593284607 -0.43644267320632935 3.7964049783162243e-17
-0.5797532796859741 -0.46233752369880676 -0.1550000011920929
-0.6684660315513611 -0.5330835580825806 -0.26846787333488464
-0.7896499633789062 -0.6297244429588318 -0.3100000023841858
-0.9108338952064514 -0.726365327835083 -0.26846787333488464
-0.9995467066764832 -0.7971113920211792 -0.1550000011920929
-0.8230067491531372 -1.0320173501968384 0.0
-0.7971119284629822 -0.9995463490486145 0.1550000011920929
-0.7263658046722412 -0.9108335375785828 0.26846787333488464
-0.6297248601913452 -0.7896496653556824 0.3100000023841858
-0.5330839157104492 -0.6684658527374268 0.26846787333488464
-0.46233782172203064 -0.579753041267395 0.1550000011920929
-0.4364429712295532 -0.5472819805145264 3.7964049783162243e-17
-0.46233782172203064 -0.579753041267395 -0.1550000011920929
-0.5330839157104492 -0.668465793132782 -0.26846787333488464
-0.6297248601913452 -0.7896496653556824 -0.3100000023841858
-0.7263658046722412 -0.9108335375785828 -0.26846787333488464
-0.7971119284629822 -0.9995463490486145 -0.1550000011920929
-0.5727266669273376 -1.1892788410186768 0.0
-0.5547065734863281 -1.1518597602844238 0.1550000011920929
-0.5054746866226196 -1.049628734588623 0.26846787333488464
-0.4382226765155792 -0.9099785089492798 0.3100000023841858
-0.3709706962108612 -0.7703284025192261 0.26846787333488464
-0.3217387795448303 -0.6680973172187805 0.1550000011920929
-0.3037186861038208 -0.6306781768798828 3.7964049783162243e-17
-0.3217387795448303 -0.6680973172187805 -0.1550000011920929
-0.3709706664085388 -0.7703283429145813 -0.26846787333488464
-0.4382226765155792 -0.9099785089492798 -0.3100000023841858
-0.5054746866226196 -1.049628734588623 -0.26846787333488464
-0.5547065734863281 -1.1518597602844238 -0.1550000011920929
-0.2937276363372803 -1.2869048118591309 0.0
-0.2844858765602112 -1.246414065361023 0.1550000011920929
-0.2592369019985199 -1.1357909440994263 0.26846787333488464
-0.22474615275859833 -0.9846771955490112 0.3100000023841858
-0.19025541841983795 -0.8335633873939514 0.26846787333488464
-0.16500642895698547 -0.7229403257369995 0.1550000011920929
-0.1557646542787552 -0.6824495196342468 3.7964049783162243e-17
-0.16500642895698547 -0.7229403257369995 -0.1550000011920929
-0.19025540351867676 -0.8335633277893066 -0.26846787333488464
-0.22474615275859833 -0.9846771955490112 -0.3100000023841858
-0.2592369019985199 -1.1357909440994263 -0.26846787333488464
-0.2844858765602112 -1.246414065361023 -0.1550000011920929
9.965722114202435e-08 -1.3199999332427979 0.0
9.652164578710654e-08 -1.2784678936004639 0.1550000011920929
8.79550512422611e-08 -1.1649999618530273 0.26846787333488464
7.625288134249786e-08 -1.0099999904632568 0.3100000023841858
6.455070433730725e-08 -0.8550000190734863 0.26846787333488464
5.598411689788918e-08 -0.7415320873260498 0.1550000011920929
5.2848530884830325e-08 -0.699999988079071 3.7964049783162243e-17
5.598411689788918e-08 -0.7415320873260498 -0.1550000011920929
6.455070433730725e-08 -0.8549999594688416 -0.26846787333488464
7.625288134249786e-08 -1.0099999904632568 -0.3100000023841858
8.79550512422611e-08 -1.1649999618530273 -0.26846787333488464
9.652164578710654e-08 -1.2784678936004639 -0.1550000011920929
0.293727844953537 -1.2869048118591309 0.0
0.2844860851764679 -1.246414065361023 0.1550000011920929
0.2592370808124542 -1.1357909440994263 0.26846787333488464
0.22474630177021027 -0.9846771955490112 0.3100000023841858
0.1902555376291275 -0.8335633873939514 0.26846787333488464
0.16500653326511383 -0.7229403257369995 0.1550000011920929
0.15576475858688354 -0.6824495196342468 3.7964049783162243e-17
0.16500653326511383 -0.7229403257369995 -0.1550000011920929
0.1902555227279663 -0.8335633277893066 -0.26846787333488464
0.22474630177021027 -0.9846771955490112 -0.3100000023841858
0.2592370808124542 -1.1357909440994263 -0.26846787333488464
0.2844860851764679 -1.246414065361023 -0.1550000011920929
0.5727267861366272 -1.1892787218093872 0.0
0.5547066926956177 -1.1518596410751343 0.1550000011920929
0.5054748058319092 -1.049628496170044 0.26846787333488464
0.4382227957248688 -0.9099783897399902 0.3100000023841858
0.37097078561782837 -0.7703282833099365 0.26846787333488464
0.3217388689517975 -0.668097198009491 0.1550000011920929
0.30371877551078796 -0.630678117275238 3.7964049783162243e-17
0.3217388689517975 -0.668097198009491 -0.1550000011920929
0.37097078561782837 -0.7703282237052917 -0.26846787333488464
0.4382227957248688 -0.9099783897399902 -0.3100000023841858
0.5054748058319092 -1.049628496170044 -0.26846787333488464
0.5547066926956177 -1.1518596410751343 -0.1550000011920929
0.8230058550834656 -1.0320179462432861 0.0
0.7971110939979553 -0.9995469450950623 0.1550000011920929
0.7263650298118591 -0.9108340740203857 0.26846787333488464
0.6297242045402527 -0.7896501421928406 0.3100000023841858
0.5330833792686462 -0.6684662699699402 0.26846787333488464
0.46233734488487244 -0.5797533988952637 0.1550000011920929
0.4364425241947174 -0.5472822785377502 3.7964049783162243e-17
0.46233734488487244 -0.5797533988952637 -0.1550000011920929
0.5330833196640015 -0.6684662103652954 -0.26846787333488464
0.6297242045402527 -0.7896501421928406 -0.3100000023841858
0.7263650298118591 -0.9108340740203857 -0.26846787333488464
0.7971110939979553 -0.9995469450950623 -0.1550000011920929
1.0320171117782593 -0.8230070471763611 0.0
0.9995459914207458 -0.797112226486206 0.1550000011920929
0.9108332395553589 -0.7263661026954651 0.26846787333488464
0.7896494269371033 -0.6297250986099243 0.3100000023841858
0.6684656739234924 -0.5330841541290283 0.26846787333488464
0.5797528624534607 -0.46233800053596497 0.1550000011920929
0.547281801700592 -0.43644315004348755 3.7964049783162243e-17
0.5797528624534607 -0.46233800053596497 -0.1550000011920929
0.6684656143188477 -0.5330840945243835 -0.26846787333488464
0.7896494269371033 -0.6297250986099243 -0.3100000023841858
0.9108332395553589 -0.7263661026954651 -0.26846787333488464
0.9995459914207458 -0.797112226486206 -0.1550000011920929
1.1892786026000977 -0.5727270245552063 0.0
1.1518595218658447 -0.5547069311141968 0.1550000011920929
1.049628496170044 -0.5054749846458435 0.26846787333488464
0.9099783301353455 -0.4382229447364807 0.3100000023841858
0.7703282237052917 -0.3709709346294403 0.26846787333488464
0.668097198009491 -0.32173898816108704 0.1550000011920929
0.6306780576705933 -0.3037188649177551 3.7964049783162243e-17
0.668097198009491 -0.32173898816108704 -0.1550000011920929
0.770328164100647 -0.3709709048271179 -0.26846787333488464
0.9099783301353455 -0.4382229447364807 -0.3100000023841858
1.049628496170044 -0.5054749846458435 -0.26846787333488464
1.1518595218658447 -0.5547069311141968 -0.1550000011920929
1.2869046926498413 -0.2937280535697937 0.0
1.2464139461517334 -0.2844862937927246 0.1550000011920929
1.1357909440994263 -0.25923725962638855 0.26846787333488464
0.9846771359443665 -0.2247464656829834 0.3100000023841858
0.8335633277893066 -0.19025568664073944 0.26846787333488464
0.7229402661323547 -0.16500665247440338 0.1550000011920929
0.682449460029602 -0.1557648777961731 3.7964049783162243e-17
0.7229402661323547 -0.16500665247440338 -0.1550000011920929
0.8335632681846619 -0.19025567173957825 -0.26846787333488464
0.9846771359443665 -0.2247464656829834 -0.3100000023841858
1.1357909440994263 -0.25923725962638855 -0.26846787333488464
1.2464139461517334 -0.2844862937927246 -0.1550000011920929