0 1
257 258
249 261
8 9
265 266
0 11
0 12
257 269
16 17
273 274
8 20
265 277
24 25
281 282
16 28
273 285
32 33
289 290
24 35
24 36
281 293
40 41
297 298
32 44
289 301
48 49
305 306
40 52
297 309
56 57
313 314
48 59
48 60
305 317
64 65
321 322
56 68
313 325
72 73
329 330
64 76
321 333
80 81
72 83
72 84
88 89
80 92
96 97
88 100
104 105
96 107
96 108
112 113
104 116
120 121
112 124
128 129
120 131
120 132
136 137
128 140
144 145
136 148
152 153
144 155
144 156
160 161
152 164
168 169
160 172
176 177
168 179
168 180
184 185
176 188
192 193
184 196
200 201
192 203
192 204
208 209
200 212
216 217
208 220
224 225
216 227
216 228
232 233
224 236
240 241
232 244
248 249
240 251
240 252
256 257
1 2
248 260
264 265
9 10
256 268
1 13
272 273
17 18
264 275
264 276
9 21
280 281
25 26
272 284
17 29
288 289
33 34
280 292
25 37
296 297
41 42
288 299
288 300
33 45
304 305
49 50
296 308
41 53
312 313
57 58
304 316
49 61
320 321
65 66
312 323
312 324
57 69
328 329
73 74
320 332
65 77
6 330
81 82
73 85
89 90
1 325
81 93
97 98
89 101
105 106
97 109
113 114
105 117
121 122
113 125
129 130
121 133
137 138
129 141
145 146
137 149
153 154
145 157
161 162
153 165
169 170
161 173
177 178
169 181
185 186
177 189
193 194
9 333
185 197
201 202
193 205
209 210
201 213
217 218
209 221
225 226
217 229
8 332
233 234
225 237
241 242
233 245
249 250
241 253
2 3
259 260
251 263
10 11
267 268
2 14
259 271
18 19
10 22
267 279
26 27
283 284
18 30
275 287
34 35
291 292
26 38
283 295
42 43
34 46
291 303
50 51
307 308
42 54
299 311
58 59
315 316
50 62
307 319
66 67
58 70
315 327
74 75
331 332
66 78
323 335
82 83
74 86
90 91
82 94
98 99
90 102
106 107
98 110
114 115
106 118
122 123
114 126
130 131
122 134
138 139
130 142
2 326
146 147
138 150
154 155
146 158
162 163
154 166
170 171
162 174
178 179
170 182
186 187
178 190
194 195
186 198
202 203
194 206
210 211
202 214
218 219
210 222
226 227
218 230
234 235
226 238
242 243
234 246
250 251
242 254
258 259
3 4
250 262
266 267
258 270
3 15
274 275
19 20
266 278
11 23
282 283
27 28
274 286
19 31
290 291
282 294
27 39
298 299
43 44
290 302
35 47
306 307
51 52
298 310
43 55
314 315
306 318
51 63
322 323
67 68
314 326
59 71
330 331
75 76
322 334
67 79
75 87
91 92
83 95
99 100
91 103
99 111
115 116
3 327
107 119
123 124
115 127
123 135
139 140
131 143
147 148
139 151
147 159
163 164
155 167
171 172
163 175
171 183
187 188
179 191
195 196
187 199
195 207
211 212
203 215
219 220
11 335
211 223
219 231
235 236
227 239
243 244
235 247
243 255
245 257
4 5
261 262
253 265
12 13
269 270
4 16
261 273
20 21
277 278
12 23
12 24
269 281
28 29
285 286
20 32
277 289
36 37
293 294
28 40
285 297
44 45
301 302
36 47
36 48
293 305
52 53
309 310
44 56
301 313
60 61
317 318
52 64
309 321
68 69
325 326
60 71
60 72
317 329
76 77
333 334
68 80
84 85
76 88
92 93
84 95
84 96
100 101
92 104
108 109
100 112
116 117
108 119
108 120
124 125
116 128
132 133
124 136
140 141
132 143
132 144
148 149
140 152
156 157
148 160
164 165
156 167
156 168
172 173
164 176
180 181
172 184
188 189
180 191
180 192
196 197
188 200
204 205
196 208
212 213
204 215
204 216
220 221
212 224
4 328
228 229
220 232
236 237
228 239
228 240
244 245
236 248
252 253
244 256
260 261
5 6
252 263
252 264
268 269
13 14
260 272
5 17
276 277
21 22
268 280
13 25
284 285
29 30
276 287
276 288
21 33
292 293
37 38
284 296
29 41
300 301
45 46
292 304
37 49
308 309
53 54
300 311
300 312
45 57
316 317
61 62
308 320
53 65
324 325
69 70
316 328
61 73
332 333
77 78
324 335
69 81
85 86
77 89
93 94
85 97
101 102
93 105
109 110
101 113
117 118
109 121
125 126
117 129
133 134
125 137
141 142
5 329
133 145
149 150
141 153
157 158
149 161
165 166
157 169
173 174
165 177
181 182
173 185
189 190
181 193
197 198
189 201
205 206
197 209
213 214
205 217
221 222
213 225
229 230
221 233
237 238
229 241
245 246
237 249
253 254
255 256
247 259
6 7
10 334
255 267
14 15
271 272
6 18
263 275
22 23
279 280
14 26
271 283
30 31
22 34
279 291
38 39
295 296
30 42
287 299
46 47
303 304
38 50
295 307
54 55
46 58
303 315
62 63
319 320
54 66
311 323
70 71
327 328
62 74
319 331
78 79
70 82
86 87
78 90
94 95
86 98
102 103
94 106
110 111
102 114
118 119
110 122
126 127
118 130
134 135
126 138
142 143
134 146
150 151
142 154
158 159
150 162
166 167
158 170
174 175
166 178
182 183
174 186
190 191
182 194
198 199
190 202
206 207
198 210
214 215
206 218
222 223
214 226
230 231
222 234
238 239
230 242
246 247
238 250
254 255
246 258
262 263
7 8
254 266
270 271
15 16
262 274
7 19
278 279
270 282
15 27
286 287
31 32
278 290
23 35
294 295
39 40
286 298
31 43
302 303
294 306
39 51
310 311
55 56
302 314
47 59
318 319
63 64
310 322
55 67
326 327
318 330
63 75
334 335
79 80
71 83
87 88
79 91
87 99
103 104
95 107
111 112
103 115
111 123
127 128
119 131
135 136
127 139
135 147
151 152
143 155
159 160
151 163
7 331
159 171
175 176
167 179
183 184
175 187
183 195
199 200
191 203
207 208
199 211
207 219
0 324
223 224
215 227
231 232
223 235
231 243
247 248
239 251